$ANSIBLE_VAULT;1.1;AES256
31303163643531643466626562333866633237616331306539613263666565306533386332663138
6139656363346230303130623732656131303730326536650a313664343236356334316638313237
37363536666231653736336539363531333036333838373162373430663631643763383539323866
6561323237353732320a653164326530306132373763313566316666396630333464623364373731
30636431663165633432383435346435316436353362343332646638666165396137623065643062
66383934663465363263383961663139363161303762316230303362633636616265363931313064
31623661626364376538383364336364326335336630333436643236363365313435323938326535
30613037626333623634626130663139343765313635363761653763366235343234336232613631
63386239306262356630633131623634396238613733343935313337613162326165626461653934
61656439356365626263336535653265326434636636313664393835326435353639313836343664
31343265313566363163373633633066653962373761353034613232353139346261336132633865
35623031373938363265393931363564336665393164326631616634313264623030326638656237
39313033613836653534666634303331326330643639653130353234663166373263323636666235
37373037313230373730643862646132663365313535663565636138336131666437393965346334
65383564636330373132666435336461666165343532343763363432303630313730356331626261
62666332376462393833326631306131363335326534363163653735663736393965663463363462
66663365323231353133613736626139376432623966356363376638333537353736383933303131
32363833396662313432653038663439363161323537373466306363313230306366303261343631
32386164323135346435643561613561373834363266393932313431336465613330613163373861
32653364313864653635623135653732626534666666313837353936633131616635396461373732
34373939333331303830343636373138666161656135373761386636356566643034656133303035
38306539366536646533343430336166313661613539336138663733656663346431653034643335
64346165633833393965633161643430316537336437313036633130316235653231333635333364
37383465613633666638626664636362333064636531613239663635333864626535396438326464
35373933373639346332346333383836363231636135663866323162666435663262306563353032
62333561386339313138333466656461306563356232643936616237666562393064646232383263
35636564653630666238393661373566313232656532376534336331313132666461633562366331
33653765343564306530366539393535626266346439353637336636333136313164353434393633
62356163643436323831366136633264373731313036313135623031626635656339316333643835
34643934326666646336353261316238643865336636303136343638333938646666303963636532
37653630343166616439613435643030613462396139646463353933346266393137373261386538
66303762323330383762376131393232633665623065656263306137396232363964333532663132
62653333383131356236393830326437303061313832613161366437313136376266613739663938
65386531346330373065646337636331346663333037383864313861326630343561346539333062
65616436376566626262653139643364303634313034306333396366633435306530613161343065
30633761663861323830373838366164356261306630383139386433346464316435393532613739
63653138313835306232333265623134656535623530353766383666663630306338666262356465
32383832663265386535343737396532326138353932336334356636663966666430393536333036
65313133336366653265646663663931376364313231396366633661373538353437646364373264
63363831666637353936663137316636386462316665623832366666333133623666336431353162
33366531323366323436316132343138376564653532356438396533646139393834386439636237
31363966633363613161663930643762326233303331363465323331343364363663356438386438
39616638353237646233316535303439386534613566333939626263336564323061646238383164
36363035356133346662
